>>> L=['Michael','Sarah','Tracy','Bob','Jack']
>>> L
['Michael', 'Sarah', 'Tracy', 'Bob', 'Jack']
>>> L[0:3]
['Michael', 'Sarah', 'Tracy']
>>> L[1:2]
['Sarah']
>>> L[0:2]
['Michael', 'Sarah']
>>> L[0:4]
['Michael', 'Sarah', 'Tracy', 'Bob']
>>> L[:4]
['Michael', 'Sarah', 'Tracy', 'Bob']
>>> L[-2:-1]
['Bob']
>>> L[-2:0]
[]
>>> L
['Michael', 'Sarah', 'Tracy', 'Bob', 'Jack']
>>> L[-2:]
['Bob', 'Jack']
>>> L[-2:4]
['Bob']
>>> L[-2:5]
['Bob', 'Jack']
>>> L[-2:]
['Bob', 'Jack']
>>> L[-2:-1]
['Bob']
>>> L[:-2]
['Michael', 'Sarah', 'Tracy']
>>> L=list(range(0,100))
>>> L
[0, 1, 2, 3, 4, 5, 6, 7, 8, 9, 10, 11, 12, 13, 14, 15, 16, 17, 18, 19, 20, 21, 2
2, 23, 24, 25, 26, 27, 28, 29, 30, 31, 32, 33, 34, 35, 36, 37, 38, 39, 40, 41, 4
2, 43, 44, 45, 46, 47, 48, 49, 50, 51, 52, 53, 54, 55, 56, 57, 58, 59, 60, 61, 6
2, 63, 64, 65, 66, 67, 68, 69, 70, 71, 72, 73, 74, 75, 76, 77, 78, 79, 80, 81, 8
2, 83, 84, 85, 86, 87, 88, 89, 90, 91, 92, 93, 94, 95, 96, 97, 98, 99]
>>> L[:10]
[0, 1, 2, 3, 4, 5, 6, 7, 8, 9]
>>> L[-10:0]
[]
>>> L[-10:]
[90, 91, 92, 93, 94, 95, 96, 97, 98, 99]
>>> L[10:20]
[10, 11, 12, 13, 14, 15, 16, 17, 18, 19]
>>> L[:10:2]
[0, 2, 4, 6, 8]
>>> L[::5]
[0, 5, 10, 15, 20, 25, 30, 35, 40, 45, 50, 55, 60, 65, 70, 75, 80, 85, 90, 95]
>>> L[80:20:-10]
[80, 70, 60, 50, 40, 30]
>>> L[80::-5]
[80, 75, 70, 65, 60, 55, 50, 45, 40, 35, 30, 25, 20, 15, 10, 5, 0]
>>> L[80::5]
[80, 85, 90, 95]
>>> L[:50:-10]
[99, 89, 79, 69, 59]
>>> L[::10]
[0, 10, 20, 30, 40, 50, 60, 70, 80, 90]
>>> L[::-10]
[99, 89, 79, 69, 59, 49, 39, 29, 19, 9]
#对于L[a: b: c]，a和b的默认值是由当前的顺序决定的，如果顺序是从左到右（第三个参数是正数），则a和b的默认值分别是0和-1；
如果顺序是从右到左（第三个参数是负数），则a和b的默认值分别是-1和0。
>>> L[:]
[0, 1, 2, 3, 4, 5, 6, 7, 8, 9, 10, 11, 12, 13, 14, 15, 16, 17, 18, 19, 20, 21, 2
2, 23, 24, 25, 26, 27, 28, 29, 30, 31, 32, 33, 34, 35, 36, 37, 38, 39, 40, 41, 4
2, 43, 44, 45, 46, 47, 48, 49, 50, 51, 52, 53, 54, 55, 56, 57, 58, 59, 60, 61, 6
2, 63, 64, 65, 66, 67, 68, 69, 70, 71, 72, 73, 74, 75, 76, 77, 78, 79, 80, 81, 8
2, 83, 84, 85, 86, 87, 88, 89, 90, 91, 92, 93, 94, 95, 96, 97, 98, 99]
>>> M=tuple(range(100))
>>> M
(0, 1, 2, 3, 4, 5, 6, 7, 8, 9, 10, 11, 12, 13, 14, 15, 16, 17, 18, 19, 20, 21, 2
2, 23, 24, 25, 26, 27, 28, 29, 30, 31, 32, 33, 34, 35, 36, 37, 38, 39, 40, 41, 4
2, 43, 44, 45, 46, 47, 48, 49, 50, 51, 52, 53, 54, 55, 56, 57, 58, 59, 60, 61, 6
2, 63, 64, 65, 66, 67, 68, 69, 70, 71, 72, 73, 74, 75, 76, 77, 78, 79, 80, 81, 8
2, 83, 84, 85, 86, 87, 88, 89, 90, 91, 92, 93, 94, 95, 96, 97, 98, 99)
>>> M[:3]
(0, 1, 2)
>>> M[-10:]
(90, 91, 92, 93, 94, 95, 96, 97, 98, 99)
>>> M[:]
(0, 1, 2, 3, 4, 5, 6, 7, 8, 9, 10, 11, 12, 13, 14, 15, 16, 17, 18, 19, 20, 21, 2
2, 23, 24, 25, 26, 27, 28, 29, 30, 31, 32, 33, 34, 35, 36, 37, 38, 39, 40, 41, 4
2, 43, 44, 45, 46, 47, 48, 49, 50, 51, 52, 53, 54, 55, 56, 57, 58, 59, 60, 61, 6
2, 63, 64, 65, 66, 67, 68, 69, 70, 71, 72, 73, 74, 75, 76, 77, 78, 79, 80, 81, 8
2, 83, 84, 85, 86, 87, 88, 89, 90, 91, 92, 93, 94, 95, 96, 97, 98, 99)
>>> M[::10]
(0, 10, 20, 30, 40, 50, 60, 70, 80, 90)
>>> 'ABCDEFG'[:3]
'ABC'
>>> 'ABCDEFG'[::2]
'ACEG'
>>> 'ABCDEFG'[-3:]
'EFG'

# 0到99数列的偶数
>>> L[::2]
[0, 2, 4, 6, 8, 10, 12, 14, 16, 18, 20, 22, 24, 26, 28, 30, 32, 34, 36, 38, 40,
42, 44, 46, 48, 50, 52, 54, 56, 58, 60, 62, 64, 66, 68, 70, 72, 74, 76, 78, 80,
82, 84, 86, 88, 90, 92, 94, 96, 98]
# 0到99数列的奇数(倒序)
>>> L[::-2]
[99, 97, 95, 93, 91, 89, 87, 85, 83, 81, 79, 77, 75, 73, 71, 69, 67, 65, 63, 61,
 59, 57, 55, 53, 51, 49, 47, 45, 43, 41, 39, 37, 35, 33, 31, 29, 27, 25, 23, 21,
 19, 17, 15, 13, 11, 9, 7, 5, 3, 1]
>>> a=L[::2]
>>> b=L[::-2]
# 奇数列的排序(正序)
>>> b.sort()
>>> b
[1, 3, 5, 7, 9, 11, 13, 15, 17, 19, 21, 23, 25, 27, 29, 31, 33, 35, 37, 39, 41,
43, 45, 47, 49, 51, 53, 55, 57, 59, 61, 63, 65, 67, 69, 71, 73, 75, 77, 79, 81,
83, 85, 87, 89, 91, 93, 95, 97, 99]


print str[0:3] #截取第一位到第三位的字符 
print str[:] #截取字符串的全部字符 
print str[6:] #截取第七个字符到结尾 
print str[:-3] #截取从头开始到倒数第三个字符之前 
print str[2] #截取第三个字符 
print str[-1] #截取倒数第一个字符 
print str[::-1] #创造一个与原字符串顺序相反的字符串 
print str[-3:-1] #截取倒数第三位与倒数第一位之前的字符 
print str[-3:] #截取倒数第三位到结尾 
print str[:-5:-3] #逆序截取